#
#Units
#
U MM

$0 r100 M
$1 r200 M
$2 r0 M
$3 r50 M

#
#Attribute Table
#
@0 .nomenclature
@1 .string

&0 WIRE ENTRY SIDE
&1 4
&2 1

L 57.57000000 21.51000000 69.45000000 21.51000000 0 P 0
L 69.45000000 21.51000000 69.45000000 29.51000000 0 P 0
L 69.45000000 29.51000000 57.57000000 29.51000000 0 P 0
L 57.57000000 29.51000000 57.57000000 26.51000000 0 P 0
A 57.57000000 26.51000000 57.57000000 24.51000000 57.57000000 25.51000000 0 P 0 Y
L 57.57000000 24.51000000 57.57000000 21.51000000 0 P 0
L 39.17000000 21.51000000 51.05000000 21.51000000 0 P 0
L 51.05000000 21.51000000 51.05000000 29.51000000 0 P 0
L 51.05000000 29.51000000 39.17000000 29.51000000 0 P 0
L 39.17000000 29.51000000 39.17000000 26.51000000 0 P 0
A 39.17000000 26.51000000 39.17000000 24.51000000 39.17000000 25.51000000 0 P 0 Y
L 39.17000000 24.51000000 39.17000000 21.51000000 0 P 0
L 76.07000000 21.51000000 87.95000000 21.51000000 0 P 0
L 87.95000000 21.51000000 87.95000000 29.51000000 0 P 0
L 87.95000000 29.51000000 76.07000000 29.51000000 0 P 0
L 76.07000000 29.51000000 76.07000000 26.51000000 0 P 0
A 76.07000000 26.51000000 76.07000000 24.51000000 76.07000000 25.51000000 0 P 0 Y
L 76.07000000 24.51000000 76.07000000 21.51000000 0 P 0
L 20.87000000 21.51000000 32.75000000 21.51000000 0 P 0
L 32.75000000 21.51000000 32.75000000 29.51000000 0 P 0
L 32.75000000 29.51000000 20.87000000 29.51000000 0 P 0
L 20.87000000 29.51000000 20.87000000 26.51000000 0 P 0
A 20.87000000 26.51000000 20.87000000 24.51000000 20.87000000 25.51000000 0 P 0 Y
L 20.87000000 24.51000000 20.87000000 21.51000000 0 P 0
A 26.23129000 72.20380000 26.23129000 72.20380000 26.23129000 71.20380000 1 P 0 N
A 26.23129000 70.22260000 26.23129000 72.20380000 26.23129000 71.21320000 2 P 0 N
L 18.85259000 40.53000000 33.60999000 40.53000000 0 P 0
L 33.60999000 40.53000000 33.60999000 54.62700000 0 P 0
L 33.60999000 54.62700000 31.95010000 54.62700000 0 P 0
L 31.95010000 54.62700000 31.95010000 62.94995000 0 P 0
L 31.95010000 62.94995000 31.89105000 63.00900000 0 P 0
L 31.89105000 63.00900000 31.89105000 63.39000000 0 P 0
L 31.89105000 63.39000000 30.94299000 63.39000000 0 P 0
L 30.94299000 63.39000000 30.94299000 75.45500000 0 P 0
L 30.94299000 75.45500000 21.51959000 75.45500000 0 P 0
L 21.51959000 75.45500000 21.51959000 63.39000000 0 P 0
L 21.51959000 63.39000000 20.57153000 63.39000000 0 P 0
L 20.57153000 63.39000000 20.57153000 63.00900000 0 P 0
L 20.57153000 63.00900000 20.51248000 62.94995000 0 P 0
L 20.51248000 62.94995000 20.51248000 54.62700000 0 P 0
L 20.51248000 54.62700000 18.85259000 54.62700000 0 P 0
L 18.85259000 54.62700000 18.85259000 40.53000000 0 P 0
L 19.37329000 40.53000000 19.37329000 39.89500000 0 P 0
L 19.37329000 39.89500000 22.92929000 39.89500000 0 P 0
L 22.92929000 39.89500000 22.92929000 40.53000000 0 P 0
L 29.53329000 40.53000000 29.53329000 39.89500000 0 P 0
L 29.53329000 39.89500000 33.08929000 39.89500000 0 P 0
L 33.08929000 39.89500000 33.08929000 40.53000000 0 P 0
L 32.89879000 40.53000000 32.89879000 39.89500000 0 P 0
L 29.72379000 40.53000000 29.72379000 39.89500000 0 P 0
L 32.03519000 40.53000000 32.03519000 54.62700000 0 P 0
L 31.95010000 54.62700000 20.51248000 54.62700000 0 P 0
L 20.42739000 54.62700000 20.42739000 40.53000000 0 P 0
L 23.23740000 54.62700000 23.23740000 62.37400000 0 P 0
L 23.23740000 62.37400000 20.51248000 62.37400000 0 P 0
L 20.57153000 63.00900000 25.05986000 63.00900000 0 P 0
L 25.05986000 63.00900000 25.05986000 63.39000000 0 P 0
L 21.51959000 63.39000000 30.94299000 63.39000000 0 P 0
L 27.40272000 63.39000000 27.40272000 63.00900000 0 P 0
L 27.40272000 63.00900000 31.89105000 63.00900000 0 P 0
L 31.95010000 62.37400000 29.22518000 62.37400000 0 P 0
L 29.22518000 62.37400000 29.22518000 54.62700000 0 P 0
A 61.60000000 72.20380000 61.60000000 72.20380000 61.60000000 71.20380000 1 P 0 N
A 61.60000000 70.22260000 61.60000000 72.20380000 61.60000000 71.21320000 2 P 0 N
L 54.22130000 40.53000000 68.97870000 40.53000000 0 P 0
L 68.97870000 40.53000000 68.97870000 54.62700000 0 P 0
L 68.97870000 54.62700000 67.31881000 54.62700000 0 P 0
L 67.31881000 54.62700000 67.31881000 62.94995000 0 P 0
L 67.31881000 62.94995000 67.25976000 63.00900000 0 P 0
L 67.25976000 63.00900000 67.25976000 63.39000000 0 P 0
L 67.25976000 63.39000000 66.31170000 63.39000000 0 P 0
L 66.31170000 63.39000000 66.31170000 75.45500000 0 P 0
L 66.31170000 75.45500000 56.88830000 75.45500000 0 P 0
L 56.88830000 75.45500000 56.88830000 63.39000000 0 P 0
L 56.88830000 63.39000000 55.94024000 63.39000000 0 P 0
L 55.94024000 63.39000000 55.94024000 63.00900000 0 P 0
L 55.94024000 63.00900000 55.88119000 62.94995000 0 P 0
L 55.88119000 62.94995000 55.88119000 54.62700000 0 P 0
L 55.88119000 54.62700000 54.22130000 54.62700000 0 P 0
L 54.22130000 54.62700000 54.22130000 40.53000000 0 P 0
L 54.74200000 40.53000000 54.74200000 39.89500000 0 P 0
L 54.74200000 39.89500000 58.29800000 39.89500000 0 P 0
L 58.29800000 39.89500000 58.29800000 40.53000000 0 P 0
L 64.90200000 40.53000000 64.90200000 39.89500000 0 P 0
L 64.90200000 39.89500000 68.45800000 39.89500000 0 P 0
L 68.45800000 39.89500000 68.45800000 40.53000000 0 P 0
L 68.26750000 40.53000000 68.26750000 39.89500000 0 P 0
L 65.09250000 40.53000000 65.09250000 39.89500000 0 P 0
L 67.40390000 40.53000000 67.40390000 54.62700000 0 P 0
L 67.31881000 54.62700000 55.88119000 54.62700000 0 P 0
L 55.79610000 54.62700000 55.79610000 40.53000000 0 P 0
L 58.60611000 54.62700000 58.60611000 62.37400000 0 P 0
L 58.60611000 62.37400000 55.88119000 62.37400000 0 P 0
L 55.94024000 63.00900000 60.42857000 63.00900000 0 P 0
L 60.42857000 63.00900000 60.42857000 63.39000000 0 P 0
L 56.88830000 63.39000000 66.31170000 63.39000000 0 P 0
L 62.77143000 63.39000000 62.77143000 63.00900000 0 P 0
L 62.77143000 63.00900000 67.25976000 63.00900000 0 P 0
L 67.31881000 62.37400000 64.59389000 62.37400000 0 P 0
L 64.59389000 62.37400000 64.59389000 54.62700000 0 P 0
A 117.45000000 30.38390000 117.45000000 30.38390000 117.45000000 29.33390000 3 P 0 N
A 117.45000000 27.84390000 117.45000000 27.84390000 117.45000000 26.79390000 3 P 0 N
A 117.45000000 25.30390000 117.45000000 25.30390000 117.45000000 24.25390000 3 P 0 N
A 117.45000000 22.76390000 117.45000000 22.76390000 117.45000000 21.71390000 3 P 0 N
L 115.95000000 30.83390000 114.95000000 30.83390000 3 P 0
L 118.95000000 30.83390000 115.95000000 30.83390000 3 P 0
L 119.85000000 30.83390000 118.95000000 30.83390000 3 P 0
L 120.35000000 30.83390000 119.85000000 30.83390000 3 P 0
L 113.85000000 30.83390000 114.15000000 30.83390000 3 P 0
L 114.95000000 30.83390000 114.15000000 30.83390000 3 P 0
L 114.95000000 30.03390000 114.95000000 28.63390000 3 P 0
L 114.95000000 28.63390000 114.95000000 27.49390000 3 P 0
L 114.95000000 27.49390000 114.95000000 26.09390000 3 P 0
L 114.95000000 26.09390000 114.95000000 24.95390000 3 P 0
L 114.95000000 24.95390000 114.95000000 23.55390000 3 P 0
L 114.95000000 23.55390000 114.95000000 22.41390000 3 P 0
L 114.95000000 22.41390000 114.95000000 21.01390000 3 P 0
L 114.95000000 21.01390000 114.95000000 20.21390000 3 P 0
L 115.95000000 20.21390000 114.95000000 20.21390000 3 P 0
L 115.95000000 30.83390000 115.95000000 20.21390000 3 P 0
L 114.95000000 30.83390000 114.95000000 30.03390000 3 P 0
L 113.85000000 28.63390000 114.15000000 28.63390000 3 P 0
L 114.95000000 28.63390000 114.15000000 28.63390000 3 P 0
L 113.85000000 21.01390000 113.85000000 20.21390000 3 P 0
L 113.85000000 21.01390000 113.85000000 22.41390000 3 P 0
L 113.85000000 23.55390000 113.85000000 22.41390000 3 P 0
L 113.85000000 23.55390000 113.85000000 24.95390000 3 P 0
L 113.85000000 26.09390000 113.85000000 24.95390000 3 P 0
L 113.85000000 26.09390000 113.85000000 27.49390000 3 P 0
L 113.85000000 28.63390000 113.85000000 27.49390000 3 P 0
L 113.85000000 28.63390000 113.85000000 30.03390000 3 P 0
L 113.85000000 30.83390000 113.85000000 30.03390000 3 P 0
L 120.35000000 30.83390000 120.35000000 20.21390000 3 P 0
L 114.95000000 20.21390000 114.15000000 20.21390000 3 P 0
L 113.85000000 20.21390000 114.15000000 20.21390000 3 P 0
L 120.35000000 20.21390000 119.85000000 20.21390000 3 P 0
L 119.85000000 20.21390000 118.95000000 20.21390000 3 P 0
L 118.95000000 20.21390000 115.95000000 20.21390000 3 P 0
L 118.95000000 30.83390000 118.95000000 20.21390000 3 P 0
L 119.85000000 30.83390000 119.85000000 20.21390000 3 P 0
L 118.34789000 21.16957000 116.90567000 22.61179000 3 P 0
L 116.55211000 22.25823000 117.99433000 20.81601000 3 P 0
L 118.34789000 23.70957000 116.90567000 25.15179000 3 P 0
L 116.55211000 24.79823000 117.99433000 23.35601000 3 P 0
L 118.34789000 26.24957000 116.90567000 27.69179000 3 P 0
L 116.55211000 27.33823000 117.99433000 25.89601000 3 P 0
L 118.34789000 28.78957000 116.90567000 30.23179000 3 P 0
L 116.55211000 29.87823000 117.99433000 28.43601000 3 P 0
L 113.85000000 21.01390000 114.15000000 21.01390000 3 P 0
L 114.15000000 21.01390000 114.15000000 20.21390000 3 P 0
L 113.85000000 23.55390000 114.15000000 23.55390000 3 P 0
L 113.85000000 22.41390000 114.15000000 22.41390000 3 P 0
L 114.15000000 23.55390000 114.15000000 22.41390000 3 P 0
L 113.85000000 26.09390000 114.15000000 26.09390000 3 P 0
L 113.85000000 24.95390000 114.15000000 24.95390000 3 P 0
L 114.15000000 26.09390000 114.15000000 24.95390000 3 P 0
L 113.85000000 30.03390000 114.15000000 30.03390000 3 P 0
L 114.15000000 30.83390000 114.15000000 30.03390000 3 P 0
L 113.85000000 27.49390000 114.15000000 27.49390000 3 P 0
L 114.15000000 28.63390000 114.15000000 27.49390000 3 P 0
L 114.95000000 21.01390000 114.15000000 21.01390000 3 P 0
L 114.95000000 22.41390000 114.15000000 22.41390000 3 P 0
L 114.25000000 22.41390000 114.25000000 21.01390000 3 P 0
L 114.05000000 21.01390000 114.05000000 22.41390000 3 P 0
L 113.95000000 21.01390000 113.95000000 22.41390000 3 P 0
L 114.95000000 23.55390000 114.15000000 23.55390000 3 P 0
L 114.95000000 26.09390000 114.15000000 26.09390000 3 P 0
L 114.95000000 24.95390000 114.15000000 24.95390000 3 P 0
L 114.95000000 30.03390000 114.15000000 30.03390000 3 P 0
L 114.95000000 27.49390000 114.15000000 27.49390000 3 P 0
L 114.25000000 24.95390000 114.25000000 23.55390000 3 P 0
L 114.05000000 23.55390000 114.05000000 24.95390000 3 P 0
L 113.95000000 23.55390000 113.95000000 24.95390000 3 P 0
L 114.25000000 27.49390000 114.25000000 26.09390000 3 P 0
L 114.05000000 26.09390000 114.05000000 27.49390000 3 P 0
L 113.95000000 26.09390000 113.95000000 27.49390000 3 P 0
L 114.25000000 30.03390000 114.25000000 28.63390000 3 P 0
L 114.05000000 28.63390000 114.05000000 30.03390000 3 P 0
L 113.95000000 28.63390000 113.95000000 30.03390000 3 P 0
L 121.40000000 17.32632000 122.40000000 17.53684000 0 P 0 ;0,1=0
L 122.40000000 17.53684000 121.70000000 17.80000000 0 P 0 ;0,1=0
L 121.70000000 17.80000000 122.40000000 18.06316000 0 P 0 ;0,1=0
L 122.40000000 18.06316000 121.40000000 18.27368000 0 P 0 ;0,1=0
L 122.40000000 18.90000000 121.40000000 18.90000000 0 P 0 ;0,1=0
L 121.90000000 20.05263000 121.90000000 19.63158000 0 P 0 ;0,1=0
L 121.90000000 19.63158000 121.40000000 19.63158000 0 P 0 ;0,1=0
L 121.40000000 19.63158000 121.40000000 20.13158000 0 P 0 ;0,1=0
L 121.40000000 20.13158000 121.42500000 20.23684000 0 P 0 ;0,1=0
L 121.42500000 20.23684000 121.47500000 20.31579000 0 P 0 ;0,1=0
L 121.47500000 20.31579000 121.52500000 20.34211000 0 P 0 ;0,1=0
L 121.52500000 20.34211000 121.60000000 20.36842000 0 P 0 ;0,1=0
L 121.60000000 20.36842000 121.70000000 20.36842000 0 P 0 ;0,1=0
L 121.70000000 20.36842000 121.77500000 20.34211000 0 P 0 ;0,1=0
L 121.77500000 20.34211000 121.82500000 20.31579000 0 P 0 ;0,1=0
L 121.82500000 20.31579000 121.87500000 20.23684000 0 P 0 ;0,1=0
L 121.87500000 20.23684000 121.90000000 20.13158000 0 P 0 ;0,1=0
L 121.90000000 20.13158000 121.90000000 20.05263000 0 P 0 ;0,1=0
L 121.90000000 20.05263000 122.40000000 20.36842000 0 P 0 ;0,1=0
L 122.40000000 19.63158000 121.90000000 19.63158000 0 P 0 ;0,1=0
L 121.85000000 21.36316000 121.85000000 20.73158000 0 P 0 ;0,1=0
L 121.40000000 21.46842000 121.40000000 20.73158000 0 P 0 ;0,1=0
L 121.40000000 20.73158000 121.90000000 20.73158000 0 P 0 ;0,1=0
L 121.90000000 20.73158000 122.40000000 20.73158000 0 P 0 ;0,1=0
L 122.40000000 20.73158000 122.40000000 21.46842000 0 P 0 ;0,1=0
L 121.85000000 23.56316000 121.85000000 22.93158000 0 P 0 ;0,1=0
L 121.40000000 23.66842000 121.40000000 22.93158000 0 P 0 ;0,1=0
L 121.40000000 22.93158000 121.90000000 22.93158000 0 P 0 ;0,1=0
L 121.90000000 22.93158000 122.40000000 22.93158000 0 P 0 ;0,1=0
L 122.40000000 22.93158000 122.40000000 23.66842000 0 P 0 ;0,1=0
L 122.40000000 24.03158000 121.40000000 24.03158000 0 P 0 ;0,1=0
L 121.40000000 24.03158000 122.40000000 24.76842000 0 P 0 ;0,1=0
L 122.40000000 24.76842000 121.40000000 24.76842000 0 P 0 ;0,1=0
L 121.40000000 25.50000000 121.40000000 25.86842000 0 P 0 ;0,1=0
L 121.40000000 25.13158000 121.40000000 25.50000000 0 P 0 ;0,1=0
L 121.40000000 25.50000000 122.40000000 25.50000000 0 P 0 ;0,1=0
L 121.90000000 26.65263000 121.90000000 26.23158000 0 P 0 ;0,1=0
L 121.90000000 26.23158000 121.40000000 26.23158000 0 P 0 ;0,1=0
L 121.40000000 26.23158000 121.40000000 26.73158000 0 P 0 ;0,1=0
L 121.40000000 26.73158000 121.42500000 26.83684000 0 P 0 ;0,1=0
L 121.42500000 26.83684000 121.47500000 26.91579000 0 P 0 ;0,1=0
L 121.47500000 26.91579000 121.52500000 26.94211000 0 P 0 ;0,1=0
L 121.52500000 26.94211000 121.60000000 26.96842000 0 P 0 ;0,1=0
L 121.60000000 26.96842000 121.70000000 26.96842000 0 P 0 ;0,1=0
L 121.70000000 26.96842000 121.77500000 26.94211000 0 P 0 ;0,1=0
L 121.77500000 26.94211000 121.82500000 26.91579000 0 P 0 ;0,1=0
L 121.82500000 26.91579000 121.87500000 26.83684000 0 P 0 ;0,1=0
L 121.87500000 26.83684000 121.90000000 26.73158000 0 P 0 ;0,1=0
L 121.90000000 26.73158000 121.90000000 26.65263000 0 P 0 ;0,1=0
L 121.90000000 26.65263000 122.40000000 26.96842000 0 P 0 ;0,1=0
L 122.40000000 26.23158000 121.90000000 26.23158000 0 P 0 ;0,1=0
L 121.90000000 27.70000000 121.40000000 28.06842000 0 P 0 ;0,1=0
L 121.40000000 27.33158000 121.90000000 27.70000000 0 P 0 ;0,1=0
L 121.90000000 27.70000000 122.40000000 27.70000000 0 P 0 ;0,1=0
L 121.50000000 30.24211000 121.45000000 30.16316000 0 P 0 ;0,1=0
L 121.45000000 30.16316000 121.42500000 30.08421000 0 P 0 ;0,1=0
L 121.42500000 30.08421000 121.40000000 29.95263000 0 P 0 ;0,1=0
L 121.40000000 29.95263000 121.40000000 29.84737000 0 P 0 ;0,1=0
L 121.40000000 29.84737000 121.42500000 29.74211000 0 P 0 ;0,1=0
L 121.42500000 29.74211000 121.45000000 29.66316000 0 P 0 ;0,1=0
L 121.45000000 29.66316000 121.50000000 29.58421000 0 P 0 ;0,1=0
L 121.50000000 29.58421000 121.57500000 29.55789000 0 P 0 ;0,1=0
L 121.57500000 29.55789000 121.62500000 29.55789000 0 P 0 ;0,1=0
L 121.62500000 29.55789000 121.70000000 29.58421000 0 P 0 ;0,1=0
L 121.70000000 29.58421000 121.75000000 29.66316000 0 P 0 ;0,1=0
L 121.75000000 29.66316000 121.92500000 30.11053000 0 P 0 ;0,1=0
L 121.92500000 30.11053000 121.97500000 30.18947000 0 P 0 ;0,1=0
L 121.97500000 30.18947000 122.05000000 30.24211000 0 P 0 ;0,1=0
L 122.05000000 30.24211000 122.12500000 30.26842000 0 P 0 ;0,1=0
L 122.12500000 30.26842000 122.17500000 30.26842000 0 P 0 ;0,1=0
L 122.17500000 30.26842000 122.25000000 30.24211000 0 P 0 ;0,1=0
L 122.25000000 30.24211000 122.32500000 30.18947000 0 P 0 ;0,1=0
L 122.32500000 30.18947000 122.37500000 30.11053000 0 P 0 ;0,1=0
L 122.37500000 30.11053000 122.40000000 29.97895000 0 P 0 ;0,1=0
L 122.40000000 29.97895000 122.40000000 29.82105000 0 P 0 ;0,1=0
L 122.40000000 29.82105000 122.37500000 29.68947000 0 P 0 ;0,1=0
L 122.37500000 29.68947000 122.32500000 29.58421000 0 P 0 ;0,1=0
L 122.32500000 29.58421000 122.27500000 29.53158000 0 P 0 ;0,1=0
L 122.40000000 31.00000000 121.40000000 31.00000000 0 P 0 ;0,1=0
L 121.70000000 32.46842000 122.10000000 32.46842000 0 P 0 ;0,1=0
L 122.10000000 32.46842000 122.20000000 32.44211000 0 P 0 ;0,1=0
L 122.20000000 32.44211000 122.27500000 32.38947000 0 P 0 ;0,1=0
L 122.27500000 32.38947000 122.32500000 32.33684000 0 P 0 ;0,1=0
L 122.32500000 32.33684000 122.37500000 32.25789000 0 P 0 ;0,1=0
L 122.37500000 32.25789000 122.40000000 32.15263000 0 P 0 ;0,1=0
L 122.40000000 32.15263000 122.40000000 31.73158000 0 P 0 ;0,1=0
L 122.40000000 31.73158000 121.40000000 31.73158000 0 P 0 ;0,1=0
L 121.40000000 31.73158000 121.40000000 32.15263000 0 P 0 ;0,1=0
L 121.40000000 32.15263000 121.42500000 32.25789000 0 P 0 ;0,1=0
L 121.42500000 32.25789000 121.47500000 32.33684000 0 P 0 ;0,1=0
L 121.47500000 32.33684000 121.52500000 32.38947000 0 P 0 ;0,1=0
L 121.52500000 32.38947000 121.60000000 32.44211000 0 P 0 ;0,1=0
L 121.60000000 32.44211000 121.70000000 32.46842000 0 P 0 ;0,1=0
L 121.85000000 33.46316000 121.85000000 32.83158000 0 P 0 ;0,1=0
L 121.40000000 33.56842000 121.40000000 32.83158000 0 P 0 ;0,1=0
L 121.40000000 32.83158000 121.90000000 32.83158000 0 P 0 ;0,1=0
L 121.90000000 32.83158000 122.40000000 32.83158000 0 P 0 ;0,1=0
L 122.40000000 32.83158000 122.40000000 33.56842000 0 P 0 ;0,1=0
L 116.36667000 32.08684000 117.43333000 31.37632000 0 P 0 ;0,1=1
L 117.43333000 31.37632000 117.43333000 32.32368000 0 P 0 ;0,1=1
L 117.16667000 32.08684000 117.70000000 32.08684000 0 P 0 ;0,1=1
L 116.76667000 19.21316000 116.36667000 19.68684000 0 P 0 ;0,1=2
L 116.36667000 19.68684000 117.70000000 19.68684000 0 P 0 ;0,1=2
A 97.70000000 72.20380000 97.70000000 72.20380000 97.70000000 71.20380000 1 P 0 N
A 97.70000000 70.22260000 97.70000000 72.20380000 97.70000000 71.21320000 2 P 0 N
L 90.32130000 40.53000000 105.07870000 40.53000000 0 P 0
L 105.07870000 40.53000000 105.07870000 54.62700000 0 P 0
L 105.07870000 54.62700000 103.41881000 54.62700000 0 P 0
L 103.41881000 54.62700000 103.41881000 62.94995000 0 P 0
L 103.41881000 62.94995000 103.35976000 63.00900000 0 P 0
L 103.35976000 63.00900000 103.35976000 63.39000000 0 P 0
L 103.35976000 63.39000000 102.41170000 63.39000000 0 P 0
L 102.41170000 63.39000000 102.41170000 75.45500000 0 P 0
L 102.41170000 75.45500000 92.98830000 75.45500000 0 P 0
L 92.98830000 75.45500000 92.98830000 63.39000000 0 P 0
L 92.98830000 63.39000000 92.04024000 63.39000000 0 P 0
L 92.04024000 63.39000000 92.04024000 63.00900000 0 P 0
L 92.04024000 63.00900000 91.98119000 62.94995000 0 P 0
L 91.98119000 62.94995000 91.98119000 54.62700000 0 P 0
L 91.98119000 54.62700000 90.32130000 54.62700000 0 P 0
L 90.32130000 54.62700000 90.32130000 40.53000000 0 P 0
L 90.84200000 40.53000000 90.84200000 39.89500000 0 P 0
L 90.84200000 39.89500000 94.39800000 39.89500000 0 P 0
L 94.39800000 39.89500000 94.39800000 40.53000000 0 P 0
L 101.00200000 40.53000000 101.00200000 39.89500000 0 P 0
L 101.00200000 39.89500000 104.55800000 39.89500000 0 P 0
L 104.55800000 39.89500000 104.55800000 40.53000000 0 P 0
L 104.36750000 40.53000000 104.36750000 39.89500000 0 P 0
L 101.19250000 40.53000000 101.19250000 39.89500000 0 P 0
L 103.50390000 40.53000000 103.50390000 54.62700000 0 P 0
L 103.41881000 54.62700000 91.98119000 54.62700000 0 P 0
L 91.89610000 54.62700000 91.89610000 40.53000000 0 P 0
L 94.70611000 54.62700000 94.70611000 62.37400000 0 P 0
L 94.70611000 62.37400000 91.98119000 62.37400000 0 P 0
L 92.04024000 63.00900000 96.52857000 63.00900000 0 P 0
L 96.52857000 63.00900000 96.52857000 63.39000000 0 P 0
L 92.98830000 63.39000000 102.41170000 63.39000000 0 P 0
L 98.87143000 63.39000000 98.87143000 63.00900000 0 P 0
L 98.87143000 63.00900000 103.35976000 63.00900000 0 P 0
L 103.41881000 62.37400000 100.69389000 62.37400000 0 P 0
L 100.69389000 62.37400000 100.69389000 54.62700000 0 P 0
L 50.75000000 3.40000000 50.75000000 16.00000000 0 P 0
L 43.65000000 3.40000000 50.75000000 3.40000000 0 P 0
L 50.20000000 1.40000000 50.20000000 3.40000000 0 P 0
L 50.20000000 1.40000000 44.20000000 1.40000000 0 P 0
A 49.70000000 0.90000000 50.20000000 1.40000000 49.70000000 1.40000000 0 P 0 N
L 44.70000000 0.90000000 49.70000000 0.90000000 0 P 0
A 44.20000000 1.40000000 44.70000000 0.90000000 44.70000000 1.40000000 0 P 0 N
L 44.20000000 3.40000000 44.20000000 1.40000000 0 P 0
L 43.65000000 16.00000000 43.65000000 3.40000000 0 P 0
L 50.75000000 16.00000000 43.65000000 16.00000000 0 P 0
L 54.33000000 33.63000000 59.41000000 33.63000000 1 P 0
L 59.41000000 33.63000000 59.41000000 36.17000000 1 P 0
L 59.41000000 36.17000000 54.33000000 36.17000000 1 P 0
L 54.33000000 36.17000000 54.33000000 33.63000000 1 P 0
L 55.30000000 34.60000000 55.90000000 34.60000000 0 P 0
L 55.90000000 34.60000000 55.90000000 35.20000000 0 P 0
L 55.90000000 35.20000000 55.30000000 35.20000000 0 P 0
L 55.30000000 35.20000000 55.30000000 34.60000000 0 P 0
L 57.84000000 34.60000000 58.44000000 34.60000000 0 P 0
L 58.44000000 34.60000000 58.44000000 35.20000000 0 P 0
L 58.44000000 35.20000000 57.84000000 35.20000000 0 P 0
L 57.84000000 35.20000000 57.84000000 34.60000000 0 P 0
L 81.73000000 12.03000000 86.81000000 12.03000000 1 P 0
L 86.81000000 12.03000000 86.81000000 14.57000000 1 P 0
L 86.81000000 14.57000000 81.73000000 14.57000000 1 P 0
L 81.73000000 14.57000000 81.73000000 12.03000000 1 P 0
L 82.70000000 13.00000000 83.30000000 13.00000000 0 P 0
L 83.30000000 13.00000000 83.30000000 13.60000000 0 P 0
L 83.30000000 13.60000000 82.70000000 13.60000000 0 P 0
L 82.70000000 13.60000000 82.70000000 13.00000000 0 P 0
L 85.24000000 13.00000000 85.84000000 13.00000000 0 P 0
L 85.84000000 13.00000000 85.84000000 13.60000000 0 P 0
L 85.84000000 13.60000000 85.24000000 13.60000000 0 P 0
L 85.24000000 13.60000000 85.24000000 13.00000000 0 P 0
L 74.63000000 12.03000000 79.71000000 12.03000000 1 P 0
L 79.71000000 12.03000000 79.71000000 14.57000000 1 P 0
L 79.71000000 14.57000000 74.63000000 14.57000000 1 P 0
L 74.63000000 14.57000000 74.63000000 12.03000000 1 P 0
L 75.60000000 13.00000000 76.20000000 13.00000000 0 P 0
L 76.20000000 13.00000000 76.20000000 13.60000000 0 P 0
L 76.20000000 13.60000000 75.60000000 13.60000000 0 P 0
L 75.60000000 13.60000000 75.60000000 13.00000000 0 P 0
L 78.14000000 13.00000000 78.74000000 13.00000000 0 P 0
L 78.74000000 13.00000000 78.74000000 13.60000000 0 P 0
L 78.74000000 13.60000000 78.14000000 13.60000000 0 P 0
L 78.14000000 13.60000000 78.14000000 13.00000000 0 P 0
L 90.03000000 31.63000000 95.11000000 31.63000000 1 P 0
L 95.11000000 31.63000000 95.11000000 34.17000000 1 P 0
L 95.11000000 34.17000000 90.03000000 34.17000000 1 P 0
L 90.03000000 34.17000000 90.03000000 31.63000000 1 P 0
L 91.00000000 32.60000000 91.60000000 32.60000000 0 P 0
L 91.60000000 32.60000000 91.60000000 33.20000000 0 P 0
L 91.60000000 33.20000000 91.00000000 33.20000000 0 P 0
L 91.00000000 33.20000000 91.00000000 32.60000000 0 P 0
L 93.54000000 32.60000000 94.14000000 32.60000000 0 P 0
L 94.14000000 32.60000000 94.14000000 33.20000000 0 P 0
L 94.14000000 33.20000000 93.54000000 33.20000000 0 P 0
L 93.54000000 33.20000000 93.54000000 32.60000000 0 P 0
L 69.49687000 15.60156000 69.37187000 15.46094000 0 P 0 ;0,1=2
L 69.37187000 15.46094000 69.32500000 15.46094000 0 P 0 ;0,1=2
L 69.32500000 15.46094000 69.32500000 16.56250000 0 P 0 ;0,1=2
L 69.45000000 16.56250000 69.20000000 16.56250000 0 P 0 ;0,1=2
L 62.94495000 9.18936000 62.66349000 9.09782000 0 P 0
L 62.66349000 9.09782000 62.44558000 9.02094000 0 P 0
L 66.42606000 5.68092000 66.47346000 5.97139000 0 P 0
L 66.47346000 5.97139000 66.50520000 6.20195000 0 P 0
A 61.35000000 12.75000000 61.35000000 12.75000000 62.00000000 12.75000000 0 P 0 N
A 68.15000000 4.25000000 68.15000000 4.25000000 68.80000000 4.25000000 0 P 0 N
A 69.25000000 15.00000000 69.80000000 14.45000000 69.25000000 14.45000000 0 P 0 Y
A 61.00000000 14.45000000 61.55000000 15.00000000 61.55000000 14.45000000 0 P 0 Y
A 61.00000000 3.00000000 60.80000000 3.20000000 60.80000000 3.00000000 0 P 0 N
A 62.44558000 9.02094000 66.42606000 5.68092000 65.40000000 8.50000000 0 P 0 Y
A 66.50520000 6.20195000 62.94495000 9.18936000 65.40000000 8.50000000 0 P 0 N
A 62.44558000 9.02094000 66.42606000 5.68092000 65.40000000 8.50000000 0 P 0 N
A 61.90000000 8.50000000 61.90000000 8.50000000 65.40000000 8.50000000 0 P 0 N
A 61.00000000 14.00000000 60.80000000 13.80000000 60.80000000 14.00000000 0 P 0 Y
A 70.00000000 3.20000000 69.80000000 3.00000000 70.00000000 3.00000000 0 P 0 N
A 70.00000000 13.80000000 69.80000000 14.00000000 70.00000000 14.00000000 0 P 0 Y
L 67.15000000 15.60000000 68.65000000 15.60000000 0 P 0
L 68.65000000 15.30000000 68.65000000 15.60000000 0 P 0
L 67.15000000 15.30000000 67.15000000 15.60000000 0 P 0
L 68.65000000 15.00000000 68.65000000 15.30000000 0 P 0
L 67.15000000 15.00000000 67.15000000 15.30000000 0 P 0
L 66.42606000 5.68092000 62.44558000 9.02094000 0 P 0
L 62.15000000 15.30000000 63.65000000 15.30000000 0 P 0
L 62.15000000 15.30000000 62.15000000 15.60000000 0 P 0
L 62.15000000 15.60000000 63.65000000 15.60000000 0 P 0
L 63.65000000 15.30000000 63.65000000 15.60000000 0 P 0
L 62.15000000 15.00000000 62.15000000 15.30000000 0 P 0
L 63.65000000 15.00000000 63.65000000 15.30000000 0 P 0
L 64.65000000 15.30000000 66.15000000 15.30000000 0 P 0
L 64.65000000 15.30000000 64.65000000 15.60000000 0 P 0
L 64.65000000 15.60000000 66.15000000 15.60000000 0 P 0
L 66.15000000 15.30000000 66.15000000 15.60000000 0 P 0
L 66.15000000 15.00000000 66.15000000 15.30000000 0 P 0
L 64.65000000 15.00000000 64.65000000 15.30000000 0 P 0
L 69.80000000 14.45000000 69.80000000 14.00000000 0 P 0
L 61.00000000 14.00000000 61.00000000 14.45000000 0 P 0
L 61.55000000 15.00000000 63.90000000 15.00000000 0 P 0
L 63.90000000 15.00000000 63.90000000 14.00000000 0 P 0
L 66.90000000 14.00000000 66.90000000 15.00000000 0 P 0
L 66.90000000 15.00000000 69.25000000 15.00000000 0 P 0
L 66.90000000 15.00000000 63.90000000 15.00000000 0 P 0
L 67.15000000 15.30000000 68.65000000 15.30000000 0 P 0
L 70.12500000 3.20000000 70.00000000 3.20000000 0 P 0
L 70.44685000 7.50000000 70.44685000 9.50000000 0 P 0
L 70.40000000 7.50000000 70.44685000 7.50000000 0 P 0
L 70.40000000 9.50000000 70.44685000 9.50000000 0 P 0
L 60.35315000 7.50000000 60.35315000 9.50000000 0 P 0
L 60.35315000 7.50000000 60.40000000 7.50000000 0 P 0
L 60.35315000 9.50000000 60.40000000 9.50000000 0 P 0
L 71.03910000 7.50000000 71.03910000 9.50000000 0 P 0
L 70.44685000 7.50000000 71.03910000 7.50000000 0 P 0
L 70.44685000 9.50000000 71.03910000 9.50000000 0 P 0
L 59.76090000 7.50000000 59.76090000 9.50000000 0 P 0
L 59.76090000 7.50000000 60.35315000 7.50000000 0 P 0
L 59.76090000 9.50000000 60.35315000 9.50000000 0 P 0
L 71.10000000 7.50000000 71.10000000 9.50000000 0 P 0
L 71.10000000 7.50000000 71.03910000 7.50000000 0 P 0
L 71.10000000 9.50000000 71.03910000 9.50000000 0 P 0
L 59.70000000 9.50000000 59.70000000 7.50000000 0 P 0
L 59.76090000 7.50000000 59.70000000 7.50000000 0 P 0
L 59.76090000 9.50000000 59.70000000 9.50000000 0 P 0
L 62.94495000 9.18936000 66.50520000 6.20195000 0 P 0
L 70.40000000 3.20000000 70.40000000 13.80000000 0 P 0
L 70.12500000 3.20000000 70.12500000 13.80000000 0 P 0
L 70.40000000 13.80000000 70.12500000 13.80000000 0 P 0
L 70.40000000 3.20000000 70.12500000 3.20000000 0 P 0
L 60.40000000 3.20000000 60.67500000 3.20000000 0 P 0
L 60.40000000 3.20000000 60.40000000 13.80000000 0 P 0
L 60.67500000 13.80000000 60.67500000 3.20000000 0 P 0
L 60.40000000 13.80000000 60.67500000 13.80000000 0 P 0
L 69.80000000 3.00000000 61.00000000 3.00000000 0 P 0
L 60.67500000 3.20000000 60.80000000 3.20000000 0 P 0
L 60.67500000 13.80000000 60.80000000 13.80000000 0 P 0
L 69.80000000 14.00000000 61.00000000 14.00000000 0 P 0
L 70.12500000 13.80000000 70.00000000 13.80000000 0 P 0
L 32.09687000 15.60156000 31.97187000 15.46094000 0 P 0 ;0,1=2
L 31.97187000 15.46094000 31.92500000 15.46094000 0 P 0 ;0,1=2
L 31.92500000 15.46094000 31.92500000 16.56250000 0 P 0 ;0,1=2
L 32.05000000 16.56250000 31.80000000 16.56250000 0 P 0 ;0,1=2
L 25.54495000 9.18936000 25.26349000 9.09782000 0 P 0
L 25.26349000 9.09782000 25.04558000 9.02094000 0 P 0
L 29.02606000 5.68092000 29.07346000 5.97139000 0 P 0
L 29.07346000 5.97139000 29.10520000 6.20195000 0 P 0
A 23.95000000 12.75000000 23.95000000 12.75000000 24.60000000 12.75000000 0 P 0 N
A 30.75000000 4.25000000 30.75000000 4.25000000 31.40000000 4.25000000 0 P 0 N
A 31.85000000 15.00000000 32.40000000 14.45000000 31.85000000 14.45000000 0 P 0 Y
A 23.60000000 14.45000000 24.15000000 15.00000000 24.15000000 14.45000000 0 P 0 Y
A 23.60000000 3.00000000 23.40000000 3.20000000 23.40000000 3.00000000 0 P 0 N
A 25.04558000 9.02094000 29.02606000 5.68092000 28.00000000 8.50000000 0 P 0 Y
A 29.10520000 6.20195000 25.54495000 9.18936000 28.00000000 8.50000000 0 P 0 N
A 25.04558000 9.02094000 29.02606000 5.68092000 28.00000000 8.50000000 0 P 0 N
A 24.50000000 8.50000000 24.50000000 8.50000000 28.00000000 8.50000000 0 P 0 N
A 23.60000000 14.00000000 23.40000000 13.80000000 23.40000000 14.00000000 0 P 0 Y
A 32.60000000 3.20000000 32.40000000 3.00000000 32.60000000 3.00000000 0 P 0 N
A 32.60000000 13.80000000 32.40000000 14.00000000 32.60000000 14.00000000 0 P 0 Y
L 29.75000000 15.60000000 31.25000000 15.60000000 0 P 0
L 31.25000000 15.30000000 31.25000000 15.60000000 0 P 0
L 29.75000000 15.30000000 29.75000000 15.60000000 0 P 0
L 31.25000000 15.00000000 31.25000000 15.30000000 0 P 0
L 29.75000000 15.00000000 29.75000000 15.30000000 0 P 0
L 29.02606000 5.68092000 25.04558000 9.02094000 0 P 0
L 24.75000000 15.30000000 26.25000000 15.30000000 0 P 0
L 24.75000000 15.30000000 24.75000000 15.60000000 0 P 0
L 24.75000000 15.60000000 26.25000000 15.60000000 0 P 0
L 26.25000000 15.30000000 26.25000000 15.60000000 0 P 0
L 24.75000000 15.00000000 24.75000000 15.30000000 0 P 0
L 26.25000000 15.00000000 26.25000000 15.30000000 0 P 0
L 27.25000000 15.30000000 28.75000000 15.30000000 0 P 0
L 27.25000000 15.30000000 27.25000000 15.60000000 0 P 0
L 27.25000000 15.60000000 28.75000000 15.60000000 0 P 0
L 28.75000000 15.30000000 28.75000000 15.60000000 0 P 0
L 28.75000000 15.00000000 28.75000000 15.30000000 0 P 0
L 27.25000000 15.00000000 27.25000000 15.30000000 0 P 0
L 32.40000000 14.45000000 32.40000000 14.00000000 0 P 0
L 23.60000000 14.00000000 23.60000000 14.45000000 0 P 0
L 24.15000000 15.00000000 26.50000000 15.00000000 0 P 0
L 26.50000000 15.00000000 26.50000000 14.00000000 0 P 0
L 29.50000000 14.00000000 29.50000000 15.00000000 0 P 0
L 29.50000000 15.00000000 31.85000000 15.00000000 0 P 0
L 29.50000000 15.00000000 26.50000000 15.00000000 0 P 0
L 29.75000000 15.30000000 31.25000000 15.30000000 0 P 0
L 32.72500000 3.20000000 32.60000000 3.20000000 0 P 0
L 33.04685000 7.50000000 33.04685000 9.50000000 0 P 0
L 33.00000000 7.50000000 33.04685000 7.50000000 0 P 0
L 33.00000000 9.50000000 33.04685000 9.50000000 0 P 0
L 22.95315000 7.50000000 22.95315000 9.50000000 0 P 0
L 22.95315000 7.50000000 23.00000000 7.50000000 0 P 0
L 22.95315000 9.50000000 23.00000000 9.50000000 0 P 0
L 33.63910000 7.50000000 33.63910000 9.50000000 0 P 0
L 33.04685000 7.50000000 33.63910000 7.50000000 0 P 0
L 33.04685000 9.50000000 33.63910000 9.50000000 0 P 0
L 22.36090000 7.50000000 22.36090000 9.50000000 0 P 0
L 22.36090000 7.50000000 22.95315000 7.50000000 0 P 0
L 22.36090000 9.50000000 22.95315000 9.50000000 0 P 0
L 33.70000000 7.50000000 33.70000000 9.50000000 0 P 0
L 33.70000000 7.50000000 33.63910000 7.50000000 0 P 0
L 33.70000000 9.50000000 33.63910000 9.50000000 0 P 0
L 22.30000000 9.50000000 22.30000000 7.50000000 0 P 0
L 22.36090000 7.50000000 22.30000000 7.50000000 0 P 0
L 22.36090000 9.50000000 22.30000000 9.50000000 0 P 0
L 25.54495000 9.18936000 29.10520000 6.20195000 0 P 0
L 33.00000000 3.20000000 33.00000000 13.80000000 0 P 0
L 32.72500000 3.20000000 32.72500000 13.80000000 0 P 0
L 33.00000000 13.80000000 32.72500000 13.80000000 0 P 0
L 33.00000000 3.20000000 32.72500000 3.20000000 0 P 0
L 23.00000000 3.20000000 23.27500000 3.20000000 0 P 0
L 23.00000000 3.20000000 23.00000000 13.80000000 0 P 0
L 23.27500000 13.80000000 23.27500000 3.20000000 0 P 0
L 23.00000000 13.80000000 23.27500000 13.80000000 0 P 0
L 32.40000000 3.00000000 23.60000000 3.00000000 0 P 0
L 23.27500000 3.20000000 23.40000000 3.20000000 0 P 0
L 23.27500000 13.80000000 23.40000000 13.80000000 0 P 0
L 32.40000000 14.00000000 23.60000000 14.00000000 0 P 0
L 32.72500000 13.80000000 32.60000000 13.80000000 0 P 0
A 107.70000000 16.00000000 107.70000000 16.00000000 106.60000000 16.00000000 1 P 0 N
A 107.70000000 34.50000000 107.70000000 34.50000000 106.60000000 34.50000000 1 P 0 N
