#
#Units
#
U MM

$0 r300 M
$1 r200 M

A 57.79500000 26.78000000 57.79500000 24.24000000 57.79500000 25.51000000 0 P 0 Y
L 57.79500000 24.24000000 57.79500000 22.97000000 0 P 0
L 57.79500000 22.97000000 69.22500000 22.97000000 0 P 0
L 69.22500000 22.97000000 69.22500000 28.05000000 0 P 0
L 69.22500000 28.05000000 57.79500000 28.05000000 0 P 0
L 57.79500000 28.05000000 57.79500000 26.78000000 0 P 0
A 39.39500000 26.78000000 39.39500000 24.24000000 39.39500000 25.51000000 0 P 0 Y
L 39.39500000 24.24000000 39.39500000 22.97000000 0 P 0
L 39.39500000 22.97000000 50.82500000 22.97000000 0 P 0
L 50.82500000 22.97000000 50.82500000 28.05000000 0 P 0
L 50.82500000 28.05000000 39.39500000 28.05000000 0 P 0
L 39.39500000 28.05000000 39.39500000 26.78000000 0 P 0
A 76.29500000 26.78000000 76.29500000 24.24000000 76.29500000 25.51000000 0 P 0 Y
L 76.29500000 24.24000000 76.29500000 22.97000000 0 P 0
L 76.29500000 22.97000000 87.72500000 22.97000000 0 P 0
L 87.72500000 22.97000000 87.72500000 28.05000000 0 P 0
L 87.72500000 28.05000000 76.29500000 28.05000000 0 P 0
L 76.29500000 28.05000000 76.29500000 26.78000000 0 P 0
A 21.09500000 26.78000000 21.09500000 24.24000000 21.09500000 25.51000000 0 P 0 Y
L 21.09500000 24.24000000 21.09500000 22.97000000 0 P 0
L 21.09500000 22.97000000 32.52500000 22.97000000 0 P 0
L 32.52500000 22.97000000 32.52500000 28.05000000 0 P 0
L 32.52500000 28.05000000 21.09500000 28.05000000 0 P 0
L 21.09500000 28.05000000 21.09500000 26.78000000 0 P 0
L 18.45259000 54.12700000 18.45259000 40.13000000 0 P 0
L 18.45259000 40.13000000 18.97329000 40.13000000 0 P 0
L 18.97329000 40.13000000 18.97329000 39.49500000 0 P 0
L 18.97329000 39.49500000 23.32929000 39.49500000 0 P 0
L 23.32929000 39.49500000 23.32929000 40.13000000 0 P 0
L 23.32929000 40.13000000 29.13329000 40.13000000 0 P 0
L 29.13329000 40.13000000 29.13329000 39.49500000 0 P 0
L 29.13329000 39.49500000 33.48929000 39.49500000 0 P 0
L 33.48929000 39.49500000 33.48929000 40.13000000 0 P 0
L 33.48929000 40.13000000 34.00999000 40.13000000 0 P 0
L 34.00999000 40.13000000 34.00999000 54.12700000 0 P 0
L 53.82130000 54.12700000 53.82130000 40.13000000 0 P 0
L 53.82130000 40.13000000 54.34200000 40.13000000 0 P 0
L 54.34200000 40.13000000 54.34200000 39.49500000 0 P 0
L 54.34200000 39.49500000 58.69800000 39.49500000 0 P 0
L 58.69800000 39.49500000 58.69800000 40.13000000 0 P 0
L 58.69800000 40.13000000 64.50200000 40.13000000 0 P 0
L 64.50200000 40.13000000 64.50200000 39.49500000 0 P 0
L 64.50200000 39.49500000 68.85800000 39.49500000 0 P 0
L 68.85800000 39.49500000 68.85800000 40.13000000 0 P 0
L 68.85800000 40.13000000 69.37870000 40.13000000 0 P 0
L 69.37870000 40.13000000 69.37870000 54.12700000 0 P 0
L 89.92130000 54.12700000 89.92130000 40.13000000 0 P 0
L 89.92130000 40.13000000 90.44200000 40.13000000 0 P 0
L 90.44200000 40.13000000 90.44200000 39.49500000 0 P 0
L 90.44200000 39.49500000 94.79800000 39.49500000 0 P 0
L 94.79800000 39.49500000 94.79800000 40.13000000 0 P 0
L 94.79800000 40.13000000 100.60200000 40.13000000 0 P 0
L 100.60200000 40.13000000 100.60200000 39.49500000 0 P 0
L 100.60200000 39.49500000 104.95800000 39.49500000 0 P 0
L 104.95800000 39.49500000 104.95800000 40.13000000 0 P 0
L 104.95800000 40.13000000 105.47870000 40.13000000 0 P 0
L 105.47870000 40.13000000 105.47870000 54.12700000 0 P 0
L 54.08000000 33.38000000 54.08000000 36.42000000 1 P 0
L 54.08000000 36.42000000 59.66000000 36.42000000 1 P 0
L 59.66000000 36.42000000 59.66000000 33.38000000 1 P 0
L 59.66000000 33.38000000 54.08000000 33.38000000 1 P 0
L 81.48000000 11.78000000 81.48000000 14.82000000 1 P 0
L 81.48000000 14.82000000 87.06000000 14.82000000 1 P 0
L 87.06000000 14.82000000 87.06000000 11.78000000 1 P 0
L 87.06000000 11.78000000 81.48000000 11.78000000 1 P 0
L 74.38000000 11.78000000 74.38000000 14.82000000 1 P 0
L 74.38000000 14.82000000 79.96000000 14.82000000 1 P 0
L 79.96000000 14.82000000 79.96000000 11.78000000 1 P 0
L 79.96000000 11.78000000 74.38000000 11.78000000 1 P 0
L 89.78000000 31.38000000 89.78000000 34.42000000 1 P 0
L 89.78000000 34.42000000 95.36000000 34.42000000 1 P 0
L 95.36000000 34.42000000 95.36000000 31.38000000 1 P 0
L 95.36000000 31.38000000 89.78000000 31.38000000 1 P 0
A 107.70000000 16.00000000 107.70000000 16.00000000 106.60000000 16.00000000 0 P 0 N
A 107.70000000 34.50000000 107.70000000 34.50000000 106.60000000 34.50000000 0 P 0 N
